AIC2021
Basic3
25 25
655 83
rotational
57
M 12 12
M 11 12
M 13 12
M 10 12
M 14 12
M 9 12
M 15 12
M 8 12
M 16 12
W 12 13
W 12 11
W 12 14
W 12 10
W 12 15
W 12 9
W 12 16
W 12 8
W 1 18
W 23 6
W 2 18
W 22 6
W 3 18
W 21 6
W 4 18
W 20 6
W 5 18
W 19 6
N 21 19 100
N 3 5 100
N 21 18 100
N 3 6 100
N 21 17 100
N 3 7 100
N 9 10 100
N 15 14 100
N 10 10 100
N 14 14 100
N 10 9 100
N 14 15 100
N 9 9 100
N 15 15 100
D 11 23 100
D 13 1 100
D 12 23 100
D 12 1 100
D 13 23 100
D 11 1 100
D 1 17 100
D 23 7 100
D 2 17 100
D 22 7 100
D 3 17 100
D 21 7 100
D 4 17 100
D 20 7 100
D 5 17 100
D 19 7 100
1
1 23
23 1
