AIC2021
Basic4
39 25
492 303
horizontal
103
M 6 15
M 32 15
M 6 14
M 32 14
M 6 13
M 32 13
M 6 12
M 32 12
M 6 11
M 32 11
M 6 10
M 32 10
M 11 3
M 27 3
M 11 4
M 27 4
M 11 5
M 27 5
M 11 6
M 27 6
M 11 7
M 27 7
M 11 8
M 27 8
M 11 9
M 27 9
M 11 10
M 27 10
M 17 15
M 21 15
M 17 14
M 21 14
M 17 16
M 21 16
M 17 18
M 21 18
M 17 17
M 21 17
M 17 19
M 21 19
W 6 20
W 32 20
W 11 15
W 27 15
W 4 6
W 34 6
W 18 3
W 20 3
W 26 22
W 12 22
W 19 8
W 14 1
W 24 1
W 19 21
W 0 22
W 38 22
W 1 23
W 37 23
W 2 24
W 36 24
W 1 24
W 37 24
W 0 24
W 38 24
W 0 23
W 38 23
N 6 1 50
N 32 1 50
N 6 2 50
N 32 2 50
N 6 3 50
N 32 3 50
N 7 4 50
N 31 4 50
N 7 1 50
N 31 1 50
N 8 1 50
N 30 1 50
N 7 2 50
N 31 2 50
N 8 2 50
N 30 2 50
N 8 3 50
N 30 3 50
N 7 3 50
N 31 3 50
N 16 24 50
N 22 24 50
N 17 24 50
N 21 24 50
N 19 24 50
N 20 24 50
N 18 24 50
D 14 12 300
D 24 12 300
D 16 9 300
D 22 9 300
D 16 8 300
D 22 8 300
D 26 20 300
D 12 20 300
D 36 1 300
D 2 1 300
1
3 12
35 12
