AIC2021
ILoveAIC
30 30
124 983
rotational
180
M 10 11 
M 19 18 
M 3 12 
M 26 17 
M 11 12 
M 18 17 
M 12 13 
M 17 16 
M 9 10 
M 20 19 
M 8 9 
M 21 20 
M 7 8 
M 22 21 
M 6 9 
M 23 20 
M 5 10 
M 24 19 
M 4 11 
M 25 18 
M 2 13 
M 27 16 
M 2 14 
M 27 15 
M 12 14 
M 17 15 
M 2 15 
M 27 14 
M 3 16 
M 26 13 
M 4 17 
M 25 12 
M 5 17 
M 24 12 
M 6 16 
M 23 13 
M 7 15 
M 22 14 
M 8 16 
M 21 13 
M 9 17 
M 20 12 
M 10 17 
M 19 12 
M 11 16 
M 18 13 
M 12 15 
M 17 14 
W 7 22 
W 22 7 
W 7 23 
W 22 6 
W 7 24 
W 22 5 
W 7 25 
W 22 4 
W 7 21 
W 22 8 
W 7 20 
W 22 9 
W 1 2 
W 28 27 
W 1 3 
W 28 26 
W 5 4 
W 24 25 
W 5 3 
W 24 26 
W 5 2 
W 24 27 
W 7 2 
W 22 27 
W 7 5 
W 22 24 
W 7 6 
W 22 23 
W 7 4 
W 22 25 
W 7 3 
W 22 26 
W 7 1 
W 22 28 
W 5 1 
W 24 28 
W 1 1 
W 28 28 
W 2 3 
W 27 26 
W 3 3 
W 26 26 
W 4 3 
W 25 26 
W 4 5 
W 25 24 
W 3 6 
W 26 23 
W 2 5 
W 27 24 
W 1 4 
W 28 25 
W 12 6 
W 17 23 
W 11 6 
W 18 23 
W 10 6 
W 19 23 
W 9 5 
W 20 24 
W 9 4 
W 20 25 
W 9 3 
W 20 26 
W 9 2 
W 20 27 
W 10 1 
W 19 28 
W 11 1 
W 18 28 
W 12 1 
W 17 28 
N 18 5 30 
N 11 24 30 
N 19 5 30 
N 10 24 30 
N 19 6 30 
N 10 23 30 
N 19 7 30 
N 10 22 30 
N 20 7 30 
N 9 22 30 
N 26 5 30 
N 3 24 30 
N 27 6 30 
N 2 23 30 
N 27 7 30 
N 2 22 30 
N 28 7 30 
N 1 22 30 
N 27 5 30 
N 2 24 30 
N 24 3 30 
N 5 26 30 
N 24 2 30 
N 5 27 30 
N 23 2 30 
N 6 27 30 
N 22 2 30 
N 7 27 30 
N 22 1 30 
N 7 28 30 
D 3 26 150 
D 26 3 150 
D 1 28 150 
D 28 1 150 
D 1 27 150 
D 28 2 150 
D 2 27 150 
D 27 2 150 
D 3 27 150 
D 26 2 150 
D 9 28 150 
D 20 1 150 
D 9 27 150 
D 20 2 150 
D 10 27 150 
D 19 2 150 
D 11 27 150 
D 18 2 150 
D 11 26 150 
D 18 3 150 
D 3 19 150 
D 26 10 150 
D 4 19 150 
D 25 10 150 
D 4 20 150 
D 25 9 150 
D 4 21 150 
D 25 8 150 
D 5 21 150 
D 24 8 150 
1
16 9
13 20
