AIC2021
Resourceful
35 35
636 733
rotational
238
N 7 29 200 
N 27 5 200 
N 3 32 200 
N 31 2 200 
N 4 31 200 
N 30 3 200 
N 9 33 200 
N 25 1 200 
N 15 33 200 
N 19 1 200 
N 17 33 200 
N 17 1 200 
N 18 32 200 
N 16 2 200 
N 20 32 200 
N 14 2 200 
N 21 30 200 
N 13 4 200 
N 17 30 200 
N 17 4 200 
N 22 28 200 
N 12 6 200 
N 21 27 200 
N 13 7 200 
N 18 27 200 
N 16 7 200 
N 20 25 200 
N 14 9 200 
N 29 33 200 
N 5 1 200 
N 31 30 200 
N 3 4 200 
N 29 27 200 
N 5 7 200 
N 28 28 200 
N 6 6 200 
N 27 29 200 
N 7 5 200 
N 27 26 200 
N 7 8 200 
N 26 27 200 
N 8 7 200 
N 25 26 200 
N 9 8 200 
N 24 27 200 
N 10 7 200 
N 24 25 200 
N 10 9 200 
N 28 24 200 
N 6 10 200 
N 28 23 200 
N 6 11 200 
N 27 23 200 
N 7 11 200 
N 33 23 200 
N 1 11 200 
N 20 23 200 
N 14 11 200 
N 20 22 200 
N 14 12 200 
N 23 22 200 
N 11 12 200 
N 24 19 200 
N 10 15 200 
N 25 19 200 
N 9 15 200 
N 24 17 200 
N 10 17 200 
N 26 17 200 
N 8 17 200 
N 26 18 200 
N 8 16 200 
N 29 18 200 
N 5 16 200 
N 29 17 200 
N 5 17 200 
N 32 18 200 
N 2 16 200 
N 31 20 200 
N 3 14 200 
N 30 15 200 
N 4 19 200 
N 30 14 200 
N 4 20 200 
N 29 13 200 
N 5 21 200 
N 28 13 200 
N 6 21 200 
N 34 12 200 
N 0 22 200 
N 30 8 200 
N 4 26 200 
N 32 7 200 
N 2 27 200 
N 20 8 200 
N 14 26 200 
N 23 11 200 
N 11 23 200 
N 21 13 200 
N 13 21 200 
N 18 13 200 
N 16 21 200 
N 9 28 200 
N 25 6 200 
N 11 28 200 
N 23 6 200 
N 21 19 200 
N 13 15 200 
N 18 17 200 
N 16 17 200 
D 2 32 200 
D 32 2 200 
D 3 33 200 
D 31 1 200 
D 6 33 200 
D 28 1 200 
D 8 33 200 
D 26 1 200 
D 10 32 200 
D 24 2 200 
D 12 30 200 
D 22 4 200 
D 13 28 200 
D 21 6 200 
D 12 26 200 
D 22 8 200 
D 14 24 200 
D 20 10 200 
D 15 26 200 
D 19 8 200 
D 15 29 200 
D 19 5 200 
D 16 29 200 
D 18 5 200 
D 15 32 200 
D 19 2 200 
D 13 34 200 
D 21 0 200 
D 16 34 200 
D 18 0 200 
D 17 34 200 
D 17 0 200 
D 20 31 200 
D 14 3 200 
D 18 30 200 
D 16 4 200 
D 21 33 200 
D 13 1 200 
D 23 32 200 
D 11 2 200 
D 23 31 200 
D 11 3 200 
D 24 33 200 
D 10 1 200 
D 25 34 200 
D 9 0 200 
D 25 30 200 
D 9 4 200 
D 28 32 200 
D 6 2 200 
D 32 33 200 
D 2 1 200 
D 33 30 200 
D 1 4 200 
D 33 27 200 
D 1 7 200 
D 32 27 200 
D 2 7 200 
D 31 27 200 
D 3 7 200 
D 29 26 200 
D 5 8 200 
D 25 25 200 
D 9 9 200 
D 23 25 200 
D 11 9 200 
D 22 25 200 
D 12 9 200 
D 23 23 200 
D 11 11 200 
D 22 27 200 
D 12 7 200 
D 2 29 200 
D 32 5 200 
D 1 30 200 
D 33 4 200 
D 1 23 200 
D 33 11 200 
D 0 25 200 
D 34 9 200 
D 4 22 200 
D 30 12 200 
D 4 23 200 
D 30 11 200 
D 7 24 200 
D 27 10 200 
D 8 25 200 
D 26 9 200 
D 10 22 200 
D 24 12 200 
D 11 21 200 
D 23 13 200 
D 12 19 200 
D 22 15 200 
D 14 19 200 
D 20 15 200 
D 14 20 200 
D 20 14 200 
D 16 22 200 
D 18 12 200 
D 17 21 200 
D 17 13 200 
D 19 21 200 
D 15 13 200 
D 28 21 200 
D 6 13 200 
D 26 21 200 
D 8 13 200 
D 31 22 200 
D 3 12 200 
D 32 19 200 
D 2 15 200 
D 33 17 200 
D 1 17 200 
D 29 16 200 
D 5 18 200 
D 28 14 200 
D 6 20 200 
D 27 17 200 
D 7 17 200 
D 23 18 200 
D 11 16 200 
D 20 19 200 
D 14 15 200 
D 18 18 200 
D 16 16 200 
D 19 17 200 
D 15 17 200 
1
6 29
28 5
