AIC2021
TooBigForTheMeta
45 45
515 694
rotational
148
M 13 17 
M 31 27 
M 11 17 
M 33 27 
M 9 17 
M 35 27 
M 7 18 
M 37 26 
M 5 20 
M 39 24 
M 5 21 
M 39 23 
M 4 25 
M 40 19 
M 4 28 
M 40 16 
M 5 31 
M 39 13 
M 6 32 
M 38 12 
M 9 34 
M 35 10 
M 11 35 
M 33 9 
M 13 35 
M 31 9 
M 15 35 
M 29 9 
M 16 35 
M 28 9 
M 14 2 
M 30 42 
M 13 1 
M 31 43 
M 9 1 
M 35 43 
M 6 1 
M 38 43 
M 3 1 
M 41 43 
M 2 2 
M 42 42 
M 1 6 
M 43 38 
M 1 10 
M 43 34 
M 2 13 
M 42 31 
M 3 14 
M 41 30 
M 6 16 
M 38 28 
W 13 16 
W 31 28 
W 13 14 
W 31 30 
W 13 12 
W 31 32 
W 13 9 
W 31 35 
W 13 6 
W 31 38 
W 14 4 
W 30 40 
W 15 2 
W 29 42 
W 17 1 
W 27 43 
W 21 1 
W 23 43 
W 23 1 
W 21 43 
W 26 2 
W 18 42 
W 28 3 
W 16 41 
W 28 5 
W 16 39 
W 29 7 
W 15 37 
W 28 8 
W 16 36 
W 14 41 
W 30 3 
W 11 42 
W 33 2 
W 8 43 
W 36 1 
W 6 42 
W 38 2 
W 3 41 
W 41 3 
W 1 38 
W 43 6 
W 1 35 
W 43 9 
W 4 32 
W 40 12 
N 26 11 100 
N 18 33 100 
N 25 12 100 
N 19 32 100 
N 25 14 100 
N 19 30 100 
N 23 17 100 
N 21 27 100 
N 21 19 100 
N 23 25 100 
N 20 19 100 
N 24 25 100 
N 19 22 100 
N 25 22 100 
N 17 23 100 
N 27 21 100 
N 17 24 100 
N 27 20 100 
N 15 26 100 
N 29 18 100 
N 13 29 100 
N 31 15 100 
N 10 31 100 
N 34 13 100 
N 24 30 100 
N 20 14 100 
N 27 39 100 
N 17 5 100 
N 24 39 100 
N 20 5 100 
N 21 39 100 
N 23 5 100 
D 14 18 100 
D 30 26 100 
D 15 18 100 
D 29 26 100 
D 17 20 100 
D 27 24 100 
D 18 21 100 
D 26 23 100 
D 21 23 100 
D 23 21 100 
D 24 23 100 
D 20 21 100 
D 6 36 100 
D 38 8 100 
D 7 37 100 
D 37 7 100 
D 10 38 100 
D 34 6 100 
1
7 8
37 36
