AIC2021
UnworthyTrees
20 20
798 37
rotational
60
M 9 4 
M 10 15 
M 10 4 
M 9 15 
M 11 4 
M 8 15 
M 12 4 
M 7 15 
M 13 4 
M 6 15 
M 14 5 
M 5 14 
M 15 6 
M 4 13 
M 16 7 
M 3 12 
M 16 8 
M 3 11 
M 16 9 
M 3 10 
M 16 10 
M 3 9 
M 16 11 
M 3 8 
W 1 2 
W 18 17 
W 1 1 
W 18 18 
W 2 1 
W 17 18 
D 5 11 5 
D 14 8 5 
D 6 12 5 
D 13 7 5 
D 7 13 5 
D 12 6 5 
D 7 11 5 
D 12 8 5 
D 8 10 5 
D 11 9 5 
D 9 11 5 
D 10 8 5 
D 10 12 5 
D 9 7 5 
D 10 10 5 
D 9 9 5 
D 8 12 5 
D 11 7 5 
D 0 19 500 
D 19 0 500 
D 0 18 500 
D 19 1 500 
D 1 19 500 
D 18 0 500 
D 0 17 500 
D 19 2 500 
D 1 18 500 
D 18 1 500 
D 2 19 500 
D 17 0 500 
1
2 2
17 17
